4294967279,99
4294967279,98
4294967279,97
4294967279,96
4294967279,95
4294967279,94
4294967279,93
4294967279,92
4294967279,91
4294967279,90
4294967279,89
4294967279,87
4294967279,86
4294967279,85
4243767290,0
4294967294,1030
4294967294,1026
4294967294,987
4294967294,985
4294967294,984
4294967294,983
4294967294,977
4294967294,976
4294967294,971
4294967294,961
4294967294,401
4294967294,1032
4294967294,1029
4294967294,1028
4294967294,1027
4294967294,1025
4294967294,1024
4294967294,986
4294967294,982
4294967294,980
4294967294,979
4294967294,972
4294967294,970
4294967294,420
4294967294,190
4294967294,185
4294967294,182
4294967294,176
4294967294,173
4294967294,163
4294967279,104
4294967279,103
4294967279,102
4294967279,101
4294967279,100
4294967279,234
4294967278,232
4294967279,232
4294967278,230
4294967279,230
4294967278,228
4294967279,227
4294967294,974
4294967294,1031
4294967294,978
4294967279,223
4294967279,224
4294967279,226
4294967278,224
4294967279,109
4294967279,108
4294967279,107
4294967279,106
4294967279,105
4294967278,222
4294967279,125
4294967279,124
4294967279,123
4294967279,122
4294967279,121
4294967279,120
4294967279,119
4294967279,118
4294967279,117
4294967279,116
4294967279,115
4294967279,114
4294967279,113
4294967279,112
4294967279,111
4294967279,110
4294967278,220
4294967278,218
11,6
4294967278,216
11,5
4294967278,325
11,4
4294967278,324
4294967279,386
4294967278,323
4294967279,385
4294967278,322
4294967279,384
4294967278,209
4294967278,208
11,8
11,7
4294967294,89
4294967278,207
4294967278,206
11,3
11,2
11,1
4294967279,136
4294967278,205
4294967278,204
4294967278,203
4294967278,202
4294967278,201
4294967278,200
4294967278,321
4294967278,198
4294967278,17
4294967278,16
4294967278,15
4294967278,14
4294967278,13
4294967278,12
4294967278,11
4294967278,10
4294967278,9
4294967278,8
4294967278,7
4294967278,6
4294967278,5
4294967278,4
4294967279,132
4294967279,131
4294967279,130
4294967279,129
4294967279,128
4294967279,127
4294967279,126
4294967279,133
4294967278,320
4294967294,387
4294967294,388
4294967279,319
4294967278,319
4294967279,318
4294967278,318
4294967278,193
4294967294,392
4294967294,46
4294967294,390
4294967294,114
4294967279,317
4294967278,192
4294967278,317
4294967278,191
4294967278,190
4294967278,187
10,6
4294967278,189
10,5
10,4
4294967278,188
10,3
10,2
10,1
4294967278,316
4294967294,437
4294967294,472
4294967294,469
4294967278,186
4294967278,315
4294967278,314
4294967279,316
4294967278,313
4294967279,315
4294967278,312
4294967279,314
4294967278,182
4294967278,181
4294967278,311
4294967279,313
4294967278,180
5,4
4294967278,178
9,6
9,5
4294967278,177
9,4
9,2
9,1
4294967279,312
4294967278,176
4294967278,175
4294967278,173
4294967294,161
4294967278,31
4294967278,30
4294967278,29
4294967278,28
4294967278,27
4294967278,26
4294967278,25
4294967278,24
4294967278,23
4294967278,22
4294967278,21
4294967278,20
4294967278,19
4294967278,18
4294967278,310
4294967279,311
4294967278,309
4294967279,310
4294967278,170
4294967278,308
4294967279,309
4294967278,307
4294967279,308
4294967278,168
4294967278,306
4294967279,307
4294967278,305
4294967279,306
4294967278,304
4294967279,305
4294967278,303
4294967278,302
4294967279,304
4294967278,301
4294967279,303
4294967278,300
4294967279,302
4294967278,161
4294967294,1022
4294967294,988
4294967278,160
4294967278,299
4294967279,301
4294967278,159
4294967278,157
8,6
8,5
4294967278,156
8,4
8,3
8,2
8,1
4294967279,300
4294967294,9
4294967278,155
4294967278,154
4294967278,153
4294967278,152
4294967278,151
4294967278,150
4294967278,298
4294967278,148
4294967278,37
4294967278,36
4294967278,35
4294967278,34
4294967278,33
4294967278,32
4294967278,293
4294967279,28
4294967279,26
4294967279,25
4294967279,22
4294967279,20
4294967279,19
4294967279,18
4294967279,16
4294967279,14
4294967279,11
4294967279,299
4294967278,297
4294967294,1023
4294967294,12
4294967279,298
4294967294,5
4294967278,296
4294967294,81
4294967294,50
4294967279,297
4294967278,295
